0.500000 0.350000
0.525000 0.717500
0.551250 1.103375
0.578813 1.508544
0.607753 1.933971
0.638141 2.380669
0.670048 2.849703
0.703550 3.342188
0.738728 3.859298
0.775664 4.402262
0.814447 4.972376
0.855170 5.570994
0.897928 6.199544
0.942825 6.859521
0.989966 7.552497
1.039464 8.280122
1.091437 9.044128
1.146009 9.846335
1.203310 10.688651
1.263475 11.573084
1.326649 12.501738
1.392981 13.476825
1.462630 14.500666
1.535762 15.575700
1.612550 16.704485
1.693177 17.889709
1.777836 19.134194
1.866728 20.440904
1.960065 21.812949
2.058068 23.253597
1.029034 23.973920
1.029034 24.694244
1.029034 25.414568
1.029034 26.134892
1.029034 26.855215
1.029034 27.575539
1.029034 28.295863
1.029034 29.016186
1.029034 29.736510
1.029034 30.456834
1.029034 31.177158
0.488840 31.665998
0.488840 32.154839
0.488840 32.643679
0.488840 33.132519
0.488840 33.621360
0.488840 34.110200
0.488840 34.599041
0.488840 35.087881
0.488840 35.576722
0.488840 36.065562
0.488840 36.554403
0.488840 37.043243
0.488840 37.532084
0.488840 38.020924
0.488840 38.509764
0.488840 38.998605
0.488840 39.487445
0.488840 39.976286
0.488840 40.465126
0.488840 40.953967
0.488840 41.442807
0.488840 41.931648
0.488840 42.420488
0.488840 42.909328
0.488840 43.398169
0.488840 43.887009
0.488840 44.375850
0.488840 44.864690
0.488840 45.353531
0.488840 45.842371
0.488840 46.331212
0.488840 46.820052
0.488840 47.308893
0.488840 47.797733
0.488840 48.286573
